1,8,25,29,44
2,30,36,66,67,76,81,89,104,108,109,133,144,157,165,176,183
3,11,22,48,54,62,65,69,88,99,110,111,113,119,121,123,136,143,148,152,155,159,169,170,178,181,187,201,204,205,206,210,214,215,238,251,269,271,275,285,290
4,24,45,68,77,96,105,115,116,120,128,137,145,168,185,190,191,194,200,211
5,9,19,28
6,17,47,78,132,134,138,140,142,172,177,184,189,193,203,212,213,218,219,222,224,227,230,231,235,239,259,264,266,268,270,276,284,286,293,294,295,298,301,304,309,311,314,316,318
7,61,64,80,117,124,130,131,135,147,149,150,167,171,173,179,192,198,208,216,217,220,221,225,226,229,234,240,241,250,254,256,261,263,265,273,274,278,281,283,292,300,306,313,315,317,319,322,323
10,23,42,49,50,52,92,102,139,153,162,164,174,175,180,186,249
12,82
13,27,60,63,72,79,93,100
14,18,34,37,46,53,58,70,74,97,101,107
15,26,31,32,33,56,59,71,83,85,86,90,94,98,103,112
16,20,21,35,38,39,40,43,51,57,73,75,91,106,114,122,125,126,127,129,154,156,158,160,195,207,236,243,245
41
55,95,182,188,197,199,233,253,262
84,223,267,297,307,320
87,118,141,146,151,163,196,202,209,232,237,242,246,247,252,255,257,258,272,277,279,280,282,287,288,289,291,296,302,303,305,308,310,312,321,324
161
166
228,260
244
248
299
