1,3,8,14,16,17,18,20,22,25,29,34,35,37,38,45,46,48,51,53,54,58,62,65,69,70,73,74,77,88,96,97,99,101,105,107,110,111,113,114,119,120,121,122,123,126,127,128,136,137,143,145,148,152,154,155,156,158,159,160,168,169,170,178,181,187,190,191,194,195,199,200,201,203,204,205,206,207,210,211,214,215,219,233,238,251,269,271,275,297
2,5,9,12,13,19,28,30,36,39,40,43,44,57,60,63,66,67,72,75,76,81,89,91,93,95,100,104,106,108,109,118,125,129,132,133,135,140,144,146,149,157,163,165,172,176,177,179,182,183,184,185,188,189,193,196,209,213,217,225,227,232,242,246,247,250,252,255,261,264,272,276,278,279,281,287,288,289,291,294,296,300,301,304
4,7,15,21,24,26,27,31,32,33,41,56,59,64,68,71,78,79,80,83,85,86,90,94,98,103,112,115,116,117,124,130,131,138,141,147,150,153,167,171,173,192,198,202,208,212,216,218,220,221,226,229,234,235,239,240,241,254,256,258,263,265,266,268,273,274
6,49,162,237
10,23,42,50,52,92,102,139,164
11
47,292
55,253,262
61,285,290
82,87
84
134,222,314
142,224,230
151,286,303,305
161
166
174,257,277,284,308,312,313
175
180
186,249,267,317
197,236,280,283,302,310,311,316,320,324
223
228,260
231,259,270,298,309
243,245
244
248
282,315,321,322,323
293
295,306,318,319
299
307
