1,4,24,68,105
2,3,11,28,30,46,48,54,62,65,67,69,70,74,81,88,89,97,99,101,107,108,110,111,113,117,119,121,123,136,143,148,150,152,155,159,165,169,170,171,173,178,181,187,198,201,204,205,206,210,214,215,238,241,251,269,271,275,285,290
5,9,19
6,13,36,60,63,72,79,93,100,109,131,133,144,157,168,176,183,185,191,194,200,211
7,17,80,95,124,130,135,138,147,149,166,167,179,192,203,208,216,218,220,221,222,225,226,229,239,240,254,263,264,265,266,267,273,274,278,281,283,292,297,319,322,323
8,25,29,44,45,58,77,96,115,120,128,137,145,190
10,23,42,49,50,52,92,102,139,153,162,164,174,175,180,186,249
12,82
14,18,34,37,53
15,26,27,31,32,33,56,59,61,64,71,83,85,86,90,94,98,103,112,116
16,20,21,35,38,39,40,43,51,57,73,75,91,106,114,118,122,125,126,127,129,154,156,158,160,195,207,236,245
22,141,146,151,163,182,202,209,232,237,242,247,252,255,256,257,258,282,289,291,294,303,305,308,310,312,315,321
41
47,66,76,78,104,132,134,140,142,172,177,184,189,193,196,212,213,217,219,224,227,230,231,234,235,246,250,259,261,268,270,272,276,277,279,284,286,287,288,293,295,296,298,300,301,306,309,311,314,316,317,318
55,188,197,199,233,243,253,262
84
87,223,304,307,313,320
161
228,260
244
248,280,302,324
299
